2 0.8571 10 newest
2 0.8571 10 inch
2 0.8571 10 version
1 0.8333 1 peeler
1 0.8333 10 slicer
2 0.8333 1 macbook
1 0.8000 10 tea
1 0.8000 10 for
2 0.8000 10 laptop
1 0.8000 10 corer
2 0.7778 10 a
1 0.7500 10 of
1 0.7500 10 and
1 0.7500 10 k
1 0.7500 10 silver
2 0.7500 10 air
1 0.7500 10 suction
1 0.7500 10 count
1 0.7500 10 cup
2 0.7500 10 b
2 0.7500 10 desktop
2 0.7500 10 pro
1 0.7500 1 iphon
1 0.7500 10 16
1 0.6667 1 spice
1 0.6667 10 candl
1 0.6667 -1 caramel
1 0.6667 10 bag
1 0.6667 10 mountain
1 0.6667 10 natur
1 0.6667 1 cider
1 0.6667 1 pie
1 0.6667 -1 hot
1 0.6667 10 pack
1 0.6667 10 greenco
1 0.6667 10 green
1 0.6667 -1 green
1 0.6667 10 stainless
1 0.6667 10 12
2 0.6667 1 mac
1 0.6667 10 work
1 0.6667 10 with
1 0.6667 10 watch
1 0.6667 10 life
1 0.6667 10 5
1 0.6667 10 5s
1 0.6667 10 keurig
1 0.6667 10 strong
1 0.6667 10 sprint
1 0.6667 -1 steel
2 0.6667 10 mini
1 0.6667 10 artifici
2 0.5000 10 mb990ll
2 0.5000 10 mh2p2ll
2 0.5000 10 mc914ll
2 0.5000 10 pc
1 0.5000 10 minut
1 0.5000 10 red
2 0.5000 10 md101ll
2 0.5000 10 md711ll
1 0.5000 10 oz
1 0.5000 10 own
2 0.5000 10 md760ll
2 0.5000 10 me088ll
2 0.5000 10 mgem2ll
1 0.5000 10 our
1 0.5000 10 ounc
2 0.5000 10 mgen2ll
1 0.5000 10 victorio
1 0.5000 10 starfrit
2 0.5000 10 station
1 0.5000 10 sterl
1 0.5000 10 surpris
2 0.5000 1 thunderbolt
1 0.5000 10 to
1 0.5000 10 tripl
1 0.5000 10 up
1 0.5000 10 smart
1 0.5000 -1 vkp1010
1 0.5000 -1 warm
2 0.5000 10 wi
2 0.5000 10 wireless
1 0.5000 10 wrap
1 0.5000 10 wrist
1 0.5000 10 x2
1 0.5000 10 yogi
1 0.5000 10 quick
1 0.5000 10 phone
1 0.5000 10 portion
1 0.5000 10 potato
1 0.5000 -1 pro
1 0.5000 10 process
1 0.5000 10 profession
2 0.5000 10 protect
1 0.5000 10 purelit
1 0.5000 10 peeler
1 0.5000 10 jar
1 0.5000 10 s2
1 0.5000 10 s3
1 0.5000 10 samsung
1 0.5000 10 scent
1 0.5000 10 season
1 0.5000 10 slim
1 0.5000 10 brand
1 0.5000 1 and
1 0.5000 10 android
1 0.5000 10 base
1 0.5000 10 basic
1 0.5000 10 bellacandl
1 0.5000 10 bluetooth
1 0.5000 10 bonus
1 0.5000 1 box
2 0.5000 1 airport
1 0.5000 10 brewer
2 0.5000 10 case
1 0.5000 10 cast
1 0.5000 10 celesti
2 0.5000 10 cellular
1 0.5000 -1 cinnamon
2 0.5000 1 mb323ll
2 0.5000 10 4ghz
2 0.5000 10 11
2 0.5000 10 13
2 0.5000 10 15
1 0.5000 10 16gb
1 0.5000 10 1
2 0.5000 10 27
2 0.5000 10 2gb
2 0.5000 10 3
1 0.5000 10 compani
1 0.5000 10 4s
1 0.5000 10 5000
1 0.5000 10 5c
2 0.5000 10 64gb
1 0.5000 10 925
1 0.5000 10 93013
2 0.5000 10 a1286
1 0.5000 10 kitchen
2 0.5000 1 imac
1 0.5000 1 decor
1 0.5000 10 in
2 0.5000 10 intel
1 0.5000 -1 io
2 0.5000 1 ipad
1 0.5000 -1 iron
1 0.5000 10 0
2 0.5000 10 imac
1 0.5000 10 larg
1 0.5000 10 like
2 0.5000 10 logo
2 0.5000 10 luxsur
1 0.5000 10 luxuri
2 0.5000 10 m8930ll
2 0.5000 10 mac
1 0.5000 10 made
2 0.5000 10 fi
1 0.5000 10 dozen
1 0.5000 -1 duti
2 0.5000 10 extrem
2 0.5000 10 display
1 0.5000 10 fake
1 0.5000 10 faux
1 0.5000 10 featur
2 0.5000 10 hollow
2 0.5000 -1 for
1 0.5000 10 fruit
1 0.5000 10 gb
2 0.5000 10 gold
1 0.5000 10 grade
1 0.5000 10 heavi
1 0.5000 10 herb
